{
 "cells": [
  {
   "cell_type": "code",
   "execution_count": 8,
   "metadata": {},
   "outputs": [],
   "source": [
    "from qutip import basis, sigmax, sigmaz, sigmay, Options \n",
    "from qutip.solver.heom import DrudeLorentzBath\n",
    "from qutip.solver.heom import HEOMSolver\n",
    "from qutip.solver.heom import DrudeLorentzPadeBath\n",
    "from qutip.solver.heom import BathExponent\n",
    "import math\n",
    "__all__ = ['parallel_map', 'serial_map', 'loky_pmap', 'mpi_pmap']\n",
    "\n",
    "import multiprocessing\n",
    "import os\n",
    "import sys\n",
    "import time\n",
    "import threading\n",
    "import concurrent.futures\n",
    "import warnings\n",
    "from qutip.ui.progressbar import progress_bars\n",
    "from qutip.settings import available_cpu_count\n",
    "from scipy.fft import fft, ifft \n",
    "from scipy.special import shichi\n",
    "from mpmath import meijerg\n",
    "import scipy\n",
    "import matplotlib.pyplot as plt\n",
    "import qutip\n",
    "\n",
    "import numpy as np \n",
    "import time \n",
    "\n",
    "\n",
    "\n",
    "\n",
    "# More flexibel solver for custom bath\n",
    "from qutip.solver.heom import HSolverDL\n",
    "from qutip.solver.heom import BosonicBath\n",
    "\n",
    "import qutip.solver.brmesolve as brmesolve"
   ]
  },
  {
   "cell_type": "code",
   "execution_count": 9,
   "metadata": {},
   "outputs": [
    {
     "name": "stdout",
     "output_type": "stream",
     "text": [
      "1.0\n",
      "Quantum object: dims=[[2, 25], [2, 25]], shape=(50, 50), type='oper', dtype=Dense, isherm=True\n",
      "Qobj data =\n",
      "[[0.   0.   0.   ... 0.   0.   0.  ]\n",
      " [0.   0.1  0.   ... 0.   0.   0.  ]\n",
      " [0.   0.   0.2  ... 0.   0.   0.  ]\n",
      " ...\n",
      " [0.   0.   0.   ... 3.21 0.   0.  ]\n",
      " [0.   0.   0.   ... 0.   3.31 0.  ]\n",
      " [0.   0.   0.   ... 0.   0.   3.41]]\n",
      "5.0967279340611596e-09\n",
      "1.6875298546607738e-09\n"
     ]
    },
    {
     "data": {
      "text/plain": [
       "'wc = 10.0      # Cutoff-Frequenz ω_c\\ng = 0.1        # Kopplungskonstante\\n\\n# Berechnung der Lamb-Shift-Funktion\\ndef lamb_shift(w0, wc, g):\\n    term1 = gammainc(0, -w0 / wc, regularized=False)  # Gamma[0, -w0/wc]\\n    term2 = -log(-w0)\\n    term3 = log(-w0 / wc)\\n    term4 = log(wc)\\n    \\n    prefactor = g / (pi * wc)\\n    bracket = (wc + w0 * exp(w0 / wc)) * (term1 + term2 + term3 + term4)\\n    \\n    return float(prefactor * bracket)'"
      ]
     },
     "execution_count": 9,
     "metadata": {},
     "output_type": "execute_result"
    }
   ],
   "source": [
    "\"\"\"Define Constants\"\"\"\n",
    "#hbar, kb=1\n",
    "import scipy.special\n",
    "\n",
    "\n",
    "we=1 # With hbar = 1 this is the upper energy\n",
    "wg=0# ground state\n",
    "ve=0.12 #  ground state frequencie from the exited atomic state in 0.1*we \n",
    "vg=0.1 # ground state frequencie from the ground atomic state \n",
    "λ1=0.5# dim less coupling constant depending on the shift of the energy minima shifts in space\n",
    "g1=0.1 #couplig to the atom to the bath   \n",
    "g2=0.1 #couplig to the vibronic modes to the bath \n",
    "tlist = np.linspace(0,60, 1000) # 40 times atomic frequencie 4 times vibronic\n",
    "#### ground parameters\n",
    "λ2=(vg**2-ve**2)/(4*vg**2) # dim less coupling constant depending on the vibronic freq \n",
    "w0=we- wg + λ1**2 *vg**3 /ve**2\n",
    "w00 = we - wg + (ve - vg )/2\n",
    "\n",
    "\n",
    "beta=20 #temp Einheit von  hb*omega durch kb\n",
    "A=-λ1/(1+4*λ2)\n",
    "#A=-λ1*(vg**2/ve**2)\n",
    "\n",
    "#rs=2*(2*np.pi*1J+np.log(1+4*λ2)**0.25)\n",
    "rs=1/4*(np.log(ve**2/vg**2))\n",
    "\n",
    "def nb(w):\n",
    "    return np.float128(1/(np.exp((w) * beta)-1))\n",
    "N=25# size of the vibronic hilbi space \n",
    "#tlist=np.linspace[0,1,10]\n",
    "# operators\n",
    "b  = qutip.tensor(qutip.qeye(2),qutip.destroy(N)) #ladder operator of the vibronic modes \n",
    "P12 = qutip.tensor(basis(2,0)*basis(2,1).dag(),qutip.qeye(N))\n",
    "P21 = qutip.tensor(basis(2,1)*basis(2,0).dag(),qutip.qeye(N))\n",
    "P11 = qutip.tensor(basis(2,0)*basis(2,0).dag(),qutip.qeye(N))\n",
    "P22 = qutip.tensor(basis(2,1)*basis(2,1).dag(),qutip.qeye(N))\n",
    "psi0 = qutip.tensor(basis(2,1),basis(N,0))   #|e,0>\n",
    "rho0=qutip.tensor(basis(2,1)*basis(2,1).dag(),basis(N,0)*basis(N,0).dag()) #|e,0><e,0|\n",
    "\n",
    "#System hamiltonian\n",
    "H= vg*b.dag()*b +w0*P21*P12 + λ1*vg*(b+b.dag())*P21*P12  + λ2*vg*(b+b.dag())**2  *P21*P12     \n",
    "    \n",
    "H_diag=vg*P12*P21*b.dag()*b+ (vg*b.dag()*b+w00)*P21*P12\n",
    " \n",
    "O1=P12+P21\n",
    "O2=b+b.dag()\n",
    "wc = 10.0      # Cutoff-Frequenz ω_c\n",
    "g = 0.1        # Kopplungskonstante\n",
    "\n",
    "# Berechnung der Lamb-Shift-Funktion\n",
    "def gamma(wx, wc, g):\n",
    "    term1 = scipy.special.gammainc(0, -wx / wc)  # Gamma[0, -w0/wc]\n",
    "    term2 = -np.log(-wx)\n",
    "    term3 = np.log(-wx / wc)\n",
    "    term4 = np.log(wc)\n",
    "    \n",
    "    prefactor = g / (np.pi * wc)\n",
    "    bracket = (wc + wx * np.exp(w0 / wc)) * (term1 + term2 + term3 + term4)\n",
    "    \n",
    "    return float(prefactor * bracket.real())\n",
    "\n",
    "print(scipy.special.gammainc(0,1))\n",
    "evals , ekets = H.eigenstates()\n",
    "evals2 , ekets2 = H_diag.eigenstates()\n",
    "print(H_diag)\n",
    "#print(ekets,ekets2)\n",
    "state1=qutip.tensor( basis(2,1),qutip.basis(N,0))\n",
    "state2=qutip.tensor(basis(2,0),qutip.basis(N,1))\n",
    "#print(state1.dag()*H_diag*state2)\n",
    "def SS(H):\n",
    "    return (-H*beta).expm()/((-H*beta).expm().tr())\n",
    "print((SS(H)*P22).tr())\n",
    "print((SS(H_diag)*P22).tr())\n",
    "\"\"\"wc = 10.0      # Cutoff-Frequenz ω_c\n",
    "g = 0.1        # Kopplungskonstante\n",
    "\n",
    "# Berechnung der Lamb-Shift-Funktion\n",
    "def lamb_shift(w0, wc, g):\n",
    "    term1 = gammainc(0, -w0 / wc, regularized=False)  # Gamma[0, -w0/wc]\n",
    "    term2 = -log(-w0)\n",
    "    term3 = log(-w0 / wc)\n",
    "    term4 = log(wc)\n",
    "    \n",
    "    prefactor = g / (pi * wc)\n",
    "    bracket = (wc + w0 * exp(w0 / wc)) * (term1 + term2 + term3 + term4)\n",
    "    \n",
    "    return float(prefactor * bracket)\"\"\"\n"
   ]
  },
  {
   "cell_type": "code",
   "execution_count": 10,
   "metadata": {},
   "outputs": [
    {
     "name": "stdout",
     "output_type": "stream",
     "text": [
      "Quantum object: dims=[[25], [25]], shape=(25, 25), type='oper', dtype=Dense, isherm=False\n",
      "Qobj data =\n",
      "[[ 6.71261206e-01  5.99340363e-01  3.78390745e-01  1.95057142e-01\n",
      "   8.70790811e-02  3.47704901e-02  1.26741010e-02  4.27710707e-03\n",
      "   1.35016581e-03  4.01835062e-04  1.13456611e-04  3.05432636e-05\n",
      "   7.87239351e-06  1.94947242e-06  4.65195019e-07  1.07243605e-07\n",
      "   2.39383046e-08  5.18383185e-09  1.09092936e-09  2.23461036e-10\n",
      "   4.46137568e-11  8.69242202e-12  1.65471460e-12  3.07775077e-13\n",
      "   5.78710973e-14]\n",
      " [-5.99340363e-01  1.36135882e-01  5.09746390e-01  4.81233834e-01\n",
      "   3.12365104e-01  1.63669664e-01  7.38537973e-02  2.97136738e-02\n",
      "   1.08919805e-02  3.69171612e-03  1.16941349e-03  3.49022237e-04\n",
      "   9.87760461e-05  2.66437181e-05  6.87890520e-06  1.70593934e-06\n",
      "   4.07600933e-07  9.40717372e-08  2.10190919e-08  4.55573206e-09\n",
      "   9.59514451e-10  1.96684618e-10  3.92950358e-11  7.65222313e-12\n",
      "   1.50778379e-12]\n",
      " [ 3.78390745e-01 -5.09746390e-01 -1.85690126e-01  3.20484538e-01\n",
      "   4.83357162e-01  3.90560515e-01  2.36856923e-01  1.19408214e-01\n",
      "   5.25507465e-02  2.07746320e-02  7.51662444e-03  2.52216418e-03\n",
      "   7.92564592e-04  2.35009106e-04  6.61496874e-05  1.77616209e-05\n",
      "   4.56778816e-06  1.12895896e-06  2.68944906e-07  6.19089518e-08\n",
      "   1.38007054e-08  2.98500176e-09  6.27549189e-10  1.28250463e-10\n",
      "   2.65489996e-11]\n",
      " [-1.95057142e-01  4.81233834e-01 -3.20484538e-01 -3.50897120e-01\n",
      "   1.20897251e-01  4.22680860e-01  4.30238291e-01  3.00251030e-01\n",
      "   1.67903343e-01  8.03114207e-02  3.40543606e-02  1.30930863e-02\n",
      "   4.63576820e-03  1.52870961e-03  4.73578103e-04  1.38759236e-04\n",
      "   3.86640513e-05  1.02915422e-05  2.62673464e-06  6.44916309e-07\n",
      "   1.52734094e-07  3.49744155e-08  7.76039778e-09  1.66876113e-09\n",
      "   3.63978190e-10]\n",
      " [ 8.70790811e-02 -3.12365104e-01  4.83357162e-01 -1.20897251e-01\n",
      "  -4.04869108e-01 -5.35295766e-02  3.25605550e-01  4.35111123e-01\n",
      "   3.49662229e-01  2.16001702e-01  1.11780666e-01  5.06276405e-02\n",
      "   2.06083513e-02  7.67479032e-03  2.64853501e-03  8.55133966e-04\n",
      "   2.60257736e-04  7.51135452e-05  2.06590084e-05  5.43692632e-06\n",
      "   1.37389201e-06  3.34343115e-07  7.85641997e-08  1.78282875e-08\n",
      "   4.11060537e-09]\n",
      " [-3.47704901e-02  1.63669664e-01 -3.90560515e-01  4.22680860e-01\n",
      "   5.35295766e-02 -3.83494862e-01 -1.88652310e-01  2.11522746e-01\n",
      "   4.10757496e-01  3.82872093e-01  2.60838756e-01  1.45582013e-01\n",
      "   7.02031329e-02  3.01654407e-02  1.17848262e-02  4.24594405e-03\n",
      "   1.42578979e-03  4.49898875e-04  1.34268834e-04  3.81008680e-05\n",
      "   1.03252627e-05  2.68212518e-06  6.70027729e-07  1.60988136e-07\n",
      "   3.93853728e-08]\n",
      " [ 1.26741010e-02 -7.38537973e-02  2.36856923e-01 -4.30238291e-01\n",
      "   3.25605550e-01  1.88652310e-01 -3.14729699e-01 -2.80869391e-01\n",
      "   9.45212806e-02  3.63513424e-01  3.99208089e-01  3.00111624e-01\n",
      "   1.80294496e-01  9.23406872e-02  4.17828153e-02  1.70857683e-02\n",
      "   6.41388666e-03  2.23597036e-03  7.30305727e-04  2.25045089e-04\n",
      "   6.57987388e-05  1.83390044e-05  4.89240061e-06  1.24934478e-06\n",
      "   3.25728725e-07]\n",
      " [-4.27710707e-03  2.97136738e-02 -1.19408214e-01  3.00251030e-01\n",
      "  -4.35111123e-01  2.11522746e-01  2.80869391e-01 -2.19945189e-01\n",
      "  -3.32159943e-01 -1.54971918e-02  2.99761578e-01  3.99155670e-01\n",
      "   3.32094679e-01  2.14537930e-01  1.16489077e-01  5.53978740e-02\n",
      "   2.36667703e-02  9.24075138e-03  3.33907428e-03  1.12723960e-03\n",
      "   3.58190877e-04  1.07776625e-04  3.08672753e-05  8.41414287e-06\n",
      "   2.34980080e-06]\n",
      " [ 1.35016581e-03 -1.08919805e-02  5.25507465e-02 -1.67903343e-01\n",
      "   3.49662229e-01 -4.10757496e-01  9.45212806e-02  3.32159943e-01\n",
      "  -1.15091373e-01 -3.47416782e-01 -1.11952925e-01  2.25499071e-01\n",
      "   3.84030646e-01  3.55615551e-01  2.47034586e-01  1.42021644e-01\n",
      "   7.08734721e-02  3.15828972e-02  1.28070726e-02  4.79001997e-03\n",
      "   1.66925329e-03  5.46302531e-04  1.69036861e-04  4.94366924e-05\n",
      "   1.48784143e-05]\n",
      " [-4.01835062e-04  3.69171612e-03 -2.07746320e-02  8.03114207e-02\n",
      "  -2.16001702e-01  3.82872093e-01 -3.63513424e-01 -1.54971918e-02\n",
      "   3.47416782e-01 -1.16935209e-02 -3.32890120e-01 -1.90881434e-01\n",
      "   1.46089063e-01  3.55709433e-01  3.70008319e-01  2.76651933e-01\n",
      "   1.68268896e-01  8.80065987e-02  4.08533333e-02  1.71826409e-02\n",
      "   6.64375487e-03  2.38715491e-03  8.04200597e-04  2.53860684e-04\n",
      "   8.29451941e-05]\n",
      " [ 1.13456611e-04 -1.16941349e-03  7.51662444e-03 -3.40543606e-02\n",
      "   1.11780666e-01 -2.60838756e-01  3.99208089e-01 -2.99761578e-01\n",
      "  -1.11952925e-01  3.32890120e-01  8.22967460e-02 -2.95243452e-01\n",
      "  -2.50347829e-01  6.61339463e-02  3.16410627e-01  3.75054164e-01\n",
      "   3.02430004e-01  1.94547468e-01  1.06538462e-01  5.14609574e-02\n",
      "   2.24242004e-02  8.95316132e-03  3.31608659e-03  1.13803221e-03\n",
      "   4.07394183e-04]\n",
      " [-3.05432636e-05  3.49022237e-04 -2.52216418e-03  1.30930863e-02\n",
      "  -5.06276405e-02  1.45582013e-01 -3.00111624e-01  3.99155670e-01\n",
      "  -2.25499071e-01 -1.90881434e-01  2.95243452e-01  1.61778219e-01\n",
      "  -2.40976451e-01 -2.89960475e-01 -1.05706621e-02  2.68520968e-01\n",
      "   3.70916201e-01  3.23596369e-01  2.20185134e-01  1.26165191e-01\n",
      "   6.33539425e-02  2.85698937e-02  1.17828655e-02  4.43533886e-03\n",
      "   1.76007012e-03]\n",
      " [ 7.87239351e-06 -9.87760461e-05  7.92564592e-04 -4.63576820e-03\n",
      "   2.06083513e-02 -7.02031329e-02  1.80294496e-01 -3.32094679e-01\n",
      "   3.84030646e-01 -1.46089063e-01 -2.50347829e-01  2.40976451e-01\n",
      "   2.23888853e-01 -1.76080190e-01 -3.10468567e-01 -8.10284736e-02\n",
      "   2.14459273e-01  3.58072990e-01  3.39571421e-01  2.44540745e-01\n",
      "   1.46553681e-01  7.64273122e-02  3.57182815e-02  1.49131065e-02\n",
      "   6.66256660e-03]\n",
      " [-1.94947242e-06  2.66437181e-05 -2.35009106e-04  1.52870961e-03\n",
      "  -7.67479032e-03  3.01654407e-02 -9.23406872e-02  2.14537930e-01\n",
      "  -3.55615551e-01  3.55709433e-01 -6.61339463e-02 -2.89960475e-01\n",
      "   1.76080190e-01  2.67492297e-01 -1.05844469e-01 -3.13431338e-01\n",
      "  -1.43000391e-01  1.56572288e-01  3.37255035e-01  3.49959955e-01\n",
      "   2.67046544e-01  1.67250086e-01  9.09076427e-02  4.27184461e-02\n",
      "   2.19539422e-02]\n",
      " [ 4.65195019e-07 -6.87890520e-06  6.61496874e-05 -4.73578103e-04\n",
      "   2.64853501e-03 -1.17848262e-02  4.17828153e-02 -1.16489077e-01\n",
      "   2.47034586e-01 -3.70008319e-01  3.16410627e-01  1.05706621e-02\n",
      "  -3.10468567e-01  1.05844469e-01  2.92749558e-01 -3.47665764e-02\n",
      "  -3.00948326e-01 -1.94942254e-01  9.70644859e-02  3.09353914e-01\n",
      "   3.54666126e-01  2.86752325e-01  1.89324140e-01  1.02146123e-01\n",
      "   6.23517849e-02]\n",
      " [-1.07243605e-07  1.70593934e-06 -1.77616209e-05  1.38759236e-04\n",
      "  -8.55133966e-04  4.24594405e-03 -1.70857683e-02  5.53978740e-02\n",
      "  -1.42021644e-01  2.76651933e-01 -3.75054164e-01  2.68520968e-01\n",
      "   8.10284736e-02 -3.13431338e-01  3.47665764e-02  3.00764212e-01\n",
      "   3.34736080e-02 -2.75449575e-01 -2.35895564e-01  3.78027452e-02\n",
      "   2.75912676e-01  3.51942634e-01  3.08614103e-01  1.96836465e-01\n",
      "   1.50415284e-01]\n",
      " [ 2.39383046e-08 -4.07600933e-07  4.56778816e-06 -3.86640513e-05\n",
      "   2.60257736e-04 -1.42578979e-03  6.41388666e-03 -2.36667703e-02\n",
      "   7.08734721e-02 -1.68268896e-01  3.02430004e-01 -3.70916201e-01\n",
      "   2.14459273e-01  1.43000391e-01 -3.00948326e-01 -3.34736080e-02\n",
      "   2.93299171e-01  9.59568099e-02 -2.39370695e-01 -2.66010342e-01\n",
      "  -1.75321866e-02  2.31862313e-01  3.60002998e-01  2.84697521e-01\n",
      "   3.01446307e-01]\n",
      " [-5.18383185e-09  9.40717372e-08 -1.12895896e-06  1.02915422e-05\n",
      "  -7.51135452e-05  4.49898875e-04 -2.23597036e-03  9.24075138e-03\n",
      "  -3.15828972e-02  8.80065987e-02 -1.94547468e-01  3.23596369e-01\n",
      "  -3.58072990e-01  1.56572288e-01  1.94942254e-01 -2.75449575e-01\n",
      "  -9.59568099e-02  2.72384246e-01  1.51109446e-01 -1.97369518e-01\n",
      "  -2.78554666e-01 -8.75882904e-02  2.32015815e-01  2.51528922e-01\n",
      "   4.84195321e-01]\n",
      " [ 1.09092936e-09 -2.10190919e-08  2.68944906e-07 -2.62673464e-06\n",
      "   2.06590084e-05 -1.34268834e-04  7.30305727e-04 -3.33907428e-03\n",
      "   1.28070726e-02 -4.08533333e-02  1.06538462e-01 -2.20185134e-01\n",
      "   3.39571421e-01 -3.37255035e-01  9.70644859e-02  2.35895564e-01\n",
      "  -2.39370695e-01 -1.51109446e-01  2.42535647e-01  1.90357012e-01\n",
      "  -1.30477795e-01 -3.32046896e-01 -3.12978290e-02 -2.01563704e-02\n",
      "   5.83393734e-01]\n",
      " [-2.23461036e-10  4.55573206e-09 -6.19089518e-08  6.44916309e-07\n",
      "  -5.43692632e-06  3.81008680e-05 -2.25045089e-04  1.12723960e-03\n",
      "  -4.79001997e-03  1.71826409e-02 -5.14609574e-02  1.26165191e-01\n",
      "  -2.44540745e-01  3.49959955e-01 -3.09353914e-01  3.78027452e-02\n",
      "   2.66010342e-01 -1.97369518e-01 -1.90357012e-01  1.84297659e-01\n",
      "   2.73262842e-01 -1.88747250e-01 -1.09296340e-01 -4.45292776e-01\n",
      "   4.48627314e-01]\n",
      " [ 4.46137568e-11 -9.59514451e-10  1.38007054e-08 -1.52734094e-07\n",
      "   1.37389201e-06 -1.03252627e-05  6.57987388e-05 -3.58190877e-04\n",
      "   1.66925329e-03 -6.64375487e-03  2.24242004e-02 -6.33539425e-02\n",
      "   1.46553681e-01 -2.67046544e-01  3.54666126e-01 -2.75912676e-01\n",
      "  -1.75321866e-02  2.78554666e-01 -1.30477795e-01 -2.73262842e-01\n",
      "   2.50532013e-01  7.10027768e-02  2.49058167e-01 -6.28299867e-01\n",
      "   8.08280783e-02]\n",
      " [-8.69242202e-12  1.96684618e-10 -2.98500176e-09  3.49744155e-08\n",
      "  -3.34343115e-07  2.68212518e-06 -1.83390044e-05  1.07776625e-04\n",
      "  -5.46302531e-04  2.38715491e-03 -8.95316132e-03  2.85698937e-02\n",
      "  -7.64273122e-02  1.67250086e-01 -2.86752325e-01  3.51942634e-01\n",
      "  -2.31862313e-01 -8.75882904e-02  3.32046896e-01 -1.88747250e-01\n",
      "  -7.10027768e-02 -1.88585604e-01  6.23549931e-01 -2.60321706e-01\n",
      "  -2.33865382e-01]\n",
      " [ 1.65471460e-12 -3.92950358e-11  6.27549189e-10 -7.76039778e-09\n",
      "   7.85641997e-08 -6.70027729e-07  4.89240061e-06 -3.08672753e-05\n",
      "   1.69036861e-04 -8.04200597e-04  3.31608659e-03 -1.17828655e-02\n",
      "   3.57182815e-02 -9.09076427e-02  1.89324140e-01 -3.08614103e-01\n",
      "   3.60002998e-01 -2.32015815e-01 -3.12978290e-02  1.09296340e-01\n",
      "   2.49058167e-01 -6.23549931e-01  3.20918686e-01  2.67974203e-01\n",
      "  -1.92927441e-01]\n",
      " [-3.07775077e-13  7.65222313e-12 -1.28250463e-10  1.66876113e-09\n",
      "  -1.78282875e-08  1.60988136e-07 -1.24934478e-06  8.41414287e-06\n",
      "  -4.94366924e-05  2.53860684e-04 -1.13803221e-03  4.43533886e-03\n",
      "  -1.49131065e-02  4.27184461e-02 -1.02146123e-01  1.96836465e-01\n",
      "  -2.84697521e-01  2.51528922e-01  2.01563704e-02 -4.45292776e-01\n",
      "   6.28299867e-01 -2.60321706e-01 -2.67974203e-01  2.63395928e-01\n",
      "   4.50128926e-02]\n",
      " [ 5.78710973e-14 -1.50778379e-12  2.65489996e-11 -3.63978190e-10\n",
      "   4.11060537e-09 -3.93853728e-08  3.25728725e-07 -2.34980080e-06\n",
      "   1.48784143e-05 -8.29451941e-05  4.07394183e-04 -1.76007012e-03\n",
      "   6.66256660e-03 -2.19539422e-02  6.23517849e-02 -1.50415284e-01\n",
      "   3.01446307e-01 -4.84195321e-01  5.83393734e-01 -4.48627314e-01\n",
      "   8.08280783e-02  2.33865382e-01 -1.92927441e-01 -4.50128926e-02\n",
      "   7.45305718e-02]]\n"
     ]
    }
   ],
   "source": [
    "#Diagonalization\n",
    "D_op = qutip.displace(N, A)\n",
    "print(D_op)\n",
    "D_op= qutip.tensor(  qutip.qeye(2),D_op )\n",
    "\n",
    "#S_op = qutip.tensor(qutip.qeye(2),  S_op)\n",
    "S_op = qutip.squeezing(b,b, rs)\n",
    "\n",
    "U = P12*P21 +(D_op * S_op*P21*P12)\n",
    "# Transformation auf sigma p12r is in the diagonalized frame\n",
    "P12r = U.dag() * P12 * U\n",
    "P21r = U.dag() * P21 * U\n",
    "c=b* P12*P21  +(b *np.cosh(rs)  - b*np.sinh(rs))*P21*P12\n",
    "\n",
    "#P12r=D_op*S_op*P12\n",
    "#P21r=P12r.dag()"
   ]
  },
  {
   "cell_type": "code",
   "execution_count": 11,
   "metadata": {},
   "outputs": [
    {
     "name": "stdout",
     "output_type": "stream",
     "text": [
      "Quantum object: dims=[[2, 25], [2, 25]], shape=(50, 50), type='oper', dtype=Dense, isherm=False\n",
      "Qobj data =\n",
      "[[ 0.          1.          0.         ...  0.          0.\n",
      "   0.        ]\n",
      " [ 0.          0.          1.41421356 ...  0.          0.\n",
      "   0.        ]\n",
      " [ 0.          0.          0.         ...  0.          0.\n",
      "   0.        ]\n",
      " ...\n",
      " [ 0.          0.          0.         ... -0.89285714  4.79583152\n",
      "   0.        ]\n",
      " [ 0.          0.          0.         ...  0.         -0.89285714\n",
      "   4.89897949]\n",
      " [ 0.          0.          0.         ...  0.          0.\n",
      "  -0.89285714]] Quantum object: dims=[[2, 25], [2, 25]], shape=(50, 50), type='oper', dtype=Dense, isherm=False\n",
      "Qobj data =\n",
      "[[ 0.          1.          0.         ...  0.          0.\n",
      "   0.        ]\n",
      " [ 0.          0.          1.41421356 ...  0.          0.\n",
      "   0.        ]\n",
      " [ 0.          0.          0.         ...  0.          0.\n",
      "   0.        ]\n",
      " ...\n",
      " [ 0.          0.          0.         ...  2.44626649  2.20916061\n",
      "   0.83926709]\n",
      " [ 0.          0.          0.         ... -2.58667092  2.58771448\n",
      "   2.36160105]\n",
      " [ 0.          0.          0.         ...  0.83926709 -2.53737844\n",
      "   3.42643088]] Quantum object: dims=[[2, 25], [2, 25]], shape=(50, 50), type='oper', dtype=Dense, isherm=False\n",
      "Qobj data =\n",
      "[[ 0.          1.          0.         ...  0.          0.\n",
      "   0.        ]\n",
      " [ 0.          0.          1.41421356 ...  0.          0.\n",
      "   0.        ]\n",
      " [ 0.          0.          0.         ...  0.          0.\n",
      "   0.        ]\n",
      " ...\n",
      " [ 0.          0.          0.         ...  2.44626649  2.20916061\n",
      "   0.83926709]\n",
      " [ 0.          0.          0.         ... -2.58667092  2.58771448\n",
      "   2.36160105]\n",
      " [ 0.          0.          0.         ...  0.83926709 -2.53737844\n",
      "   3.42643088]]\n"
     ]
    }
   ],
   "source": [
    "\n",
    "#rotationsmatrix anders definiert \n",
    "D_opt=(A*(b.dag()-b)).expm()\n",
    "S_opt=(1/2*rs*(b*b-b.dag()*b.dag())).expm() #seldmade\n",
    "Ut = P12*P21 +(D_opt * S_opt*P21*P12)\n",
    "# Transformation auf sigma\n",
    "#print(P12*P21 +D_opt *P21*P12,(P12*P21 +D_opt *P21*P12).dag()*b*(P12*P21 +D_opt *P21*P12))\n",
    "#print(D_op,D_opt)\n",
    "P12rt = Ut.dag() * P12 * Ut\n",
    "\n",
    "#print(P12rt,P12r,D_op*S_op*P12)\n",
    "U1 = P12*P21 +D_op *P21*P12\n",
    "U2 = P12*P21 +S_op *P21*P12\n",
    "\n",
    "#U=U1*U2\n",
    "br=U.dag() *b * U\n",
    "brt=Ut.dag() *b * Ut# selfmade disp\n",
    "br3=U1.dag() *b * U1\n",
    "br= b* P12*P21  +(b *np.cosh(rs)  - b.dag()*np.sinh(rs)+A*np.cosh(rs))*P21*P12\n",
    "be = (np.cosh( rs) *b + np.sinh( rs)* b.dag() + A* np.exp(rs) )*P21*P12\n",
    "\n",
    "print(b+A*P22,((P11+D_opt*P22).dag())*b*(P11+D_opt*P22),br3)\n",
    "#print(U.dag() *H *U)\n",
    "#c=b* P12*P21  +(b *np.cosh(rs)  - b*np.sinh(rs))*P21*P12\n",
    "\n",
    "P12r=P12rt\n",
    "P21r=P12rt.dag()\n",
    "#rho0r=Ut.dag()*rho0*Ut #\n",
    "#rho0r=U.dag()* rho0 *U #neue  BAsis\n",
    "H_ls=c.dag()*c+P21r*P12r+A*np.cosh(rs)*(P22+P11)*(A*np.cosh(rs)*(P22+P11)).dag()\n"
   ]
  },
  {
   "cell_type": "code",
   "execution_count": 12,
   "metadata": {},
   "outputs": [
    {
     "data": {
